343,
341,
340,
347,
338,
341,
357,
342,
114,
340,
342,
341,
340,
347,
338,
341,
357,
342,
116,
340,
342,
340,
340,
348,
337,
341,
357,
342,
116,
339,
342,
340,
340,
348,
337,
341,
357,
342,
116,
339,
342,
340,
340,
348,
339,
341,
357,
342,
119,
339,
342,
340,
341,
348,
339,
341,
358,
343,
119,
340,
342,
340,
341,
348,
339,
341,
358,
343,
118,
340,
342,
340,
341,
347,
339,
342,
357,
343,
118,
340,
342,
340,
339,
347,
339,
342,
357,
343,
118,
340,
342,
340,
339,
347,
339,
342,
357,
343,
120,
340,
342,
340,
339,
346,
338,
341,
357,
343,
120,
339,
342,
340,
339,
346,
338,
341,
357,
343,
120,
339,
342,
340,
339,
349,
338,
341,
357,
343,
125,
339,
342,
341,
340,
349,
338,
342,
359,
343,
125,
340,
343,
341,
340,
349,
338,
342,
359,
343,
131,
340,
343,
341,
340,
346,
337,
342,
357,
343,
131,
340,
343,
341,
341,
346,
337,
342,
357,
344,
131,
340,
343,
341,
341,
346,
337,
342,
357,
344,
144,
340,
343,
341,
341,
347,
338,
343,
357,
344,
144,
340,
343,
341,
341,
347,
338,
343,
357,
343,
154,
340,
343,
341,
341,
347,
338,
342,
357,
343,
154,
340,
343,
341,
340,
347,
338,
342,
357,
343,
154,
340,
343,
341,
340,
347,
338,
342,
357,
343,
156,
340,
343,
341,
340,
347,
338,
341,
357,
343,
156,
340,
343,
340,
340,
347,
338,
341,
357,
342,
156,
340,
342,
340,
340,
347,
338,
341,
357,
342,
152,
340,
342,
341,
340,
348,
338,
342,
358,
342,
152,
341,
342,
341,
340,
348,
338,
342,
358,
343,
152,
341,
342,
341,
340,
348,
339,
342,
358,
343,
148,
341,
342,
340,
340,
348,
339,
342,
358,
343,
148,
340,
342,
340,
340,
348,
339,
342,
358,
343,
143,
340,
342,
340,
340,
347,
339,
342,
358,
343,
143,
339,
342,
340,
341,
347,
339,
342,
358,
344,
143,
339,
342,
340,
341,
347,
339,
342,
358,
344,
142,
339,
342,
340,
341,
348,
338,
341,
358,
344,
142,
341,
342,
340,
340,
348,
338,
341,
358,
341,
142,
341,
343,
340,
340,
348,
338,
341,
358,
341,
139,
341,
343,
341,
340,
347,
339,
342,
359,
344,
139,
339,
343,
341,
341,
347,
339,
342,
359,
344,
137,
339,
343,
341,
341,
347,
338,
342,
358,
344,
137,
339,
343,
340,
342,
347,
338,
342,
358,
341,
137,
340,
342,
340,
342,
347,
338,
342,
358,
341,
135,
340,
342,
340,
342,
347,
338,
342,
358,
341,
135,
340,
342,
340,
339,
347,
338,
342,
358,
342,
135,
340,
342,
340,
339,
347,
338,
342,
358,
342,
133,
340,
342,
340,
339,
347,
338,
342,
358,
342,
133,
340,
342,
340,
340,
347,
338,
342,
358,
342,
135,
340,
342,
340,
340,
348,
338,
341,
358,
342,
135,
340,
342,
340,
340,
348,
338,
341,
358,
344,
135,
340,
341,
340,
340,
348,
338,
341,
358,
344,
136,
340,
341,
339,
340,
346,
337,
343,
358,
344,
136,
340,
341,
339,
340,
346,
337,
343,
358,
343,
136,
340,
343,
339,
340,
346,
337,
343,
358,
343,
137,
340,
343,
340,
340,
348,
338,
342,
358,
343,
137,
340,
343,
340,
340,
348,
338,
342,
358,
343,
137,
340,
344,
340,
340,
348,
338,
342,
358,
343,
137,
340,
344,
340,
340,
348,
338,
342,
358,
343,
137,
340,
343,
340,
340,
348,
338,
342,
358,
343,
135,
340,
343,
339,
340,
347,
338,
343,
358,
343,
135,
340,
343,
339,
340,
347,
338,
343,
358,
343,
135,
340,
342,
339,
340,
347,
338,
343,
358,
343,
132,
340,
342,
340,
340,
347,
338,
342,
359,
343,
132,
340,
342,
340,
340,
347,
338,
342,
359,
343,
135,
340,
342,
340,
340,
347,
339,
342,
359,
343,
135,
340,
342,
340,
341,
347,
339,
342,
359,
342,
135,
341,
342,
340,
341,
347,
339,
342,
359,
342,
130,
341,
343,
340,
341,
347,
339,
343,
357,
342,
130,
339,
343,
340,
340,
347,
339,
343,
357,
343,
130,
339,
342,
340,
340,
347,
339,
343,
357,
343,
128,
339,
342,
340,
340,
347,
337,
342,
359,
342,
128,
339,
342,
340,
339,
347,
337,
342,
359,
342,
127,
339,
342,
340,
339,
346,
339,
342,
359,
342,
127,
339,
342,
340,
340,
346,
339,
342,
357,
342,
127,
340,
342,
340,
340,
346,
339,
342,
357,
342,
126,
340,
343,
340,
340,
347,
338,
343,
358,
342,
126,
340,
343,
340,
340,
347,
338,
343,
358,
343,
126,
340,
342,
340,
340,
347,
338,
342,
358,
343,
127,
340,
342,
340,
340,
348,
338,
342,
358,
343,
127,
340,
342,
340,
339,
348,
338,
342,
358,
343,
127,
340,
342,
340,
339,
349,
339,
341,
358,
343,
127,
340,
342,
341,
339,
349,
339,
341,
358,
345,
127,
339,
342,
341,
341,
349,
339,
341,
358,
345,
121,
339,
342,
341,
341,
348,
339,
342,
359,
345,
121,
339,
342,
340,
341,
348,
339,
342,
359,
343,
121,
339,
343,
340,
341,
348,
339,
342,
359,
343,
120,
339,
343,
340,
341,
347,
339,
343,
357,
342,
120,
340,
343,
340,
340,
347,
339,
343,
357,
342,
120,
340,
342,
340,
340,
347,
339,
341,
357,
342,
120,
340,
