segment[0]
299.399994 0.055087
297.850006 0.078267
154.350006 0.159261
286.149994 0.242437
88.699997 0.406607
87.599998 0.431696
87.199997 0.457876
87.400002 0.479693
88.699997 0.502055
91.849998 0.526053
144.649994 0.555506
145.850006 0.579231
173.750000 0.598048
171.050003 0.622864
154.149994 0.648226
156.750000 0.669497
161.350006 0.693768
164.699997 0.714494
169.350006 0.739311
172.899994 0.762763
173.500000 0.785125
178.550003 0.807760
166.000000 0.833940
169.949997 0.857120
92.099998 0.970294
293.049988 1.338995
293.000000 1.409353
293.049988 1.433079
294.200012 1.455986
290.350006 1.503710
287.500000 1.526072
285.049988 1.551434
283.500000 1.576250
273.350006 1.646064
431.399994 1.947678
401.950012 1.973040
382.549988 1.997584
362.899994 2.021855
347.200012 2.044762
327.700012 2.069033
314.549988 2.093032
299.899994 2.117848
290.049988 2.142119
278.899994 2.165299
269.200012 2.189843
266.549988 2.213023
271.000000 2.237294
276.250000 2.260474
282.600006 2.283381
286.700012 2.306562
290.700012 2.330014
284.950012 2.354831
278.649994 2.378284
272.149994 2.403646
266.850006 2.426553
261.549988 2.451370
256.799988 2.474277
251.100006 2.498548
246.750000 2.523092
243.250000 2.546545
239.149994 2.570270
235.750000 2.594814
232.850006 2.619085
229.100006 2.641447
226.300003 2.665445
223.649994 2.690534
220.949997 2.714260
218.550003 2.738258
215.899994 2.760893
214.800003 2.784346
211.699997 2.808617
210.649994 2.829342
208.750000 2.851977
207.550003 2.876248
206.050003 2.899701
205.350006 2.923154
204.000000 2.946061
203.050003 2.969514
202.250000 2.993240
201.949997 3.016693
201.250000 3.040963
200.750000 3.065234
200.500000 3.088142
199.600006 3.111322
199.850006 3.133957
199.850006 3.157137
199.750000 3.180863
199.750000 3.204588
200.899994 3.228041
200.949997 3.251767
201.050003 3.276037
201.600006 3.299763
202.750000 3.323489
203.899994 3.346669
204.300003 3.369849
205.350006 3.393302
207.199997 3.415937
208.050003 3.440207
210.149994 3.461751
211.399994 3.486022
213.649994 3.508930
215.050003 3.532928
217.649994 3.555563
219.149994 3.578470
221.850006 3.602741
224.000000 3.624831
226.699997 3.647738
229.649994 3.671191
232.350006 3.694644
235.600006 3.717006
239.149994 3.740459
243.350006 3.763912
246.949997 3.786819
250.750000 3.809999
255.750000 3.833452
260.850006 3.856087
265.200012 3.879540
270.799988 3.902720
276.500000 3.925082
283.700012 3.949080
289.899994 3.971442
298.000000 3.994622
304.149994 4.018893
313.049988 4.040710
321.049988 4.065254
331.049988 4.087343
343.450012 4.111069
358.750000 4.133976
367.200012 4.156610
317.649994 4.532948
317.649994 4.555582
316.100006 4.579580
317.549988 4.603033
316.049988 4.626214
314.500000 4.648848
315.950012 4.673119
314.500000 4.696299
313.000000 4.719207
311.450012 4.742932
311.450012 4.766385
168.100006 4.823926
162.449997 4.846561
155.149994 4.871105
154.300003 4.896739
145.149994 4.923192
137.399994 4.946372
131.899994 4.970370
130.600006 4.993824
126.650002 5.018367
123.599998 5.042638
123.449997 5.065818
122.300003 5.092816
121.750000 5.113269
120.750000 5.136177
122.000000 5.162084
129.899994 5.722771
67.050003 5.845490
65.199997 5.871942
64.199997 5.892941
63.400002 5.915303
63.200001 5.942028
63.000000 5.969572
63.200001 5.990297
63.599998 6.008842
64.150002 6.038839
65.300003 6.062019
66.900002 6.084927
68.300003 6.100744
295.450012 6.247733
segment[1]
296.750000 0.010908
296.950012 0.057814
297.899994 0.081267
150.399994 0.162261
286.100006 0.244892
88.400002 0.412879
87.550003 0.435514
87.449997 0.458422
87.500000 0.484056
89.000000 0.506964
144.000000 0.557687
146.100006 0.581958
172.399994 0.599411
170.750000 0.624501
153.899994 0.650135
158.199997 0.671406
161.750000 0.694587
164.699997 0.717221
169.350006 0.740947
173.050003 0.762491
173.649994 0.786489
178.899994 0.809942
165.850006 0.835031
170.399994 0.856302
96.150002 0.965113
293.049988 1.339267
293.000000 1.409626
293.049988 1.432534
291.600006 1.456532
291.600006 1.503165
286.649994 1.526890
285.149994 1.553343
283.500000 1.576250
273.549988 1.647700
459.100006 1.923680
431.399994 1.947951
402.000000 1.973313
378.200012 1.997584
363.000000 2.021582
345.299988 2.046399
327.600006 2.069851
314.450012 2.094122
299.850006 2.117575
290.100006 2.142119
278.799988 2.166935
268.350006 2.190388
266.450012 2.214114
271.000000 2.238112
276.200012 2.260474
282.500000 2.284472
287.549988 2.307380
290.600006 2.330833
285.100006 2.354285
277.950012 2.378011
272.049988 2.402828
267.000000 2.426553
261.649994 2.450279
256.799988 2.473732
251.250000 2.498275
247.399994 2.522001
243.300003 2.544636
239.199997 2.569179
236.199997 2.592632
232.850006 2.617721
229.250000 2.639811
226.199997 2.664354
223.649994 2.688625
221.050003 2.712078
218.600006 2.735531
216.250000 2.758711
214.449997 2.783800
212.050003 2.807526
210.699997 2.829070
208.699997 2.851704
207.750000 2.875975
206.100006 2.899701
205.350006 2.922881
204.000000 2.946061
203.399994 2.968969
202.300003 2.992149
201.850006 3.016965
201.100006 3.040418
200.649994 3.064416
200.600006 3.087596
199.649994 3.110777
199.699997 3.134502
199.750000 3.157682
199.699997 3.181408
199.800003 3.204861
200.899994 3.226950
200.850006 3.250676
201.050003 3.274674
201.300003 3.297581
202.750000 3.321307
203.250000 3.345033
204.699997 3.368213
205.300003 3.390302
207.149994 3.414300
208.000000 3.437753
209.949997 3.461479
211.449997 3.484659
212.850006 3.507566
215.199997 3.531292
216.899994 3.554745
219.100006 3.576834
221.649994 3.600832
223.750000 3.624558
226.550003 3.646920
229.350006 3.669009
232.300003 3.692462
235.850006 3.714824
238.949997 3.739641
242.550003 3.761730
246.399994 3.785183
250.550003 3.808908
255.500000 3.830725
260.000000 3.854996
264.950012 3.877903
269.850006 3.901083
276.299988 3.923173
282.549988 3.946353
289.000000 3.970351
296.700012 3.992986
303.799988 4.015893
311.600006 4.039346
321.000000 4.062254
330.850006 4.085979
341.549988 4.107796
355.100006 4.131249
367.100006 4.154429
319.299988 4.529675
316.100006 4.552855
316.100006 4.576853
317.549988 4.599488
316.049988 4.622941
316.000000 4.646939
316.049988 4.670119
314.500000 4.692754
316.000000 4.717025
311.450012 4.739660
309.950012 4.763113
309.950012 4.786565
172.250000 4.819563
162.949997 4.845470
161.550003 4.867287
154.500000 4.891285
145.149994 4.918556
138.149994 4.942554
132.050003 4.967371
130.500000 4.990278
126.949997 5.017276
124.000000 5.041275
123.400002 5.062819
122.199997 5.088453
121.750000 5.109451
121.000000 5.133722
121.349998 5.158266
84.449997 5.285893
129.100006 5.716772
67.300003 5.843853
65.500000 5.862943
64.250000 5.893213
63.599998 5.909849
63.299999 5.936301
63.000000 5.959481
63.049999 5.983752
63.400002 6.008296
64.000000 6.030658
64.949997 6.053293
66.500000 6.072927
68.900002 6.095290
294.299988 6.240370
segment[2]
298.200012 0.027543
298.149994 0.050996
296.850006 0.074722
296.649994 0.098175
285.299988 0.238074
89.449997 0.403062
87.800003 0.431151
87.050003 0.451604
87.500000 0.476420
88.300003 0.496601
90.699997 0.517872
144.000000 0.551142
145.399994 0.574868
170.899994 0.616047
159.800003 0.640863
155.949997 0.664043
160.449997 0.686133
164.000000 0.709040
168.199997 0.732766
172.050003 0.755128
172.949997 0.778308
177.550003 0.802033
172.000000 0.825213
168.149994 0.850303
173.449997 0.873210
292.899994 1.355357
294.200012 1.402263
294.200012 1.448896
290.200012 1.472622
288.950012 1.496347
287.549988 1.519800
286.100006 1.542162
283.750000 1.568342
273.350006 1.639246
431.399994 1.939770
392.049988 1.988312
367.250000 2.012583
353.100006 2.036036
334.500000 2.060307
319.149994 2.084850
306.799988 2.108303
293.149994 2.132847
282.649994 2.156845
272.149994 2.181116
264.350006 2.205387
269.200012 2.228567
273.200012 2.252020
279.200012 2.274655
285.100006 2.297562
291.600006 2.321288
287.450012 2.344195
281.450012 2.368739
274.250000 2.393555
268.200012 2.417554
263.850006 2.441279
258.200012 2.464732
252.949997 2.489548
248.899994 2.512456
245.000000 2.536727
241.399994 2.560452
237.149994 2.585542
234.000000 2.608449
230.500000 2.631629
227.500000 2.655900
224.649994 2.679626
221.550003 2.703624
219.550003 2.727350
217.550003 2.751075
215.050003 2.774255
213.199997 2.798799
211.250000 2.819252
209.699997 2.843523
208.300003 2.867249
206.100006 2.890429
205.500000 2.913336
204.500000 2.936789
203.100006 2.959969
202.750000 2.983422
201.699997 3.007148
201.899994 3.030601
200.750000 3.054872
200.250000 3.078325
200.199997 3.102596
199.750000 3.124685
199.550003 3.148956
199.550003 3.172954
199.800003 3.196407
200.199997 3.217678
200.600006 3.241676
201.149994 3.264857
201.300003 3.289673
202.149994 3.311490
203.050003 3.334942
204.100006 3.359213
205.449997 3.382394
206.050003 3.404756
207.699997 3.428208
209.300003 3.451389
210.800003 3.476205
212.250000 3.497476
214.050003 3.522293
215.750000 3.546018
218.100006 3.568926
220.699997 3.592106
222.350006 3.614195
225.949997 3.637103
228.649994 3.659192
231.300003 3.682917
234.550003 3.705552
238.000000 3.728732
241.399994 3.753549
245.149994 3.775093
249.449997 3.798273
252.949997 3.821180
258.149994 3.845451
262.049988 3.868359
269.000000 3.891812
273.350006 3.914174
280.000000 3.936808
286.250000 3.960534
293.200012 3.983714
301.250000 4.005803
310.000000 4.029529
317.799988 4.052164
326.100006 4.076980
339.500000 4.099887
351.200012 4.123340
363.100006 4.145702
375.799988 4.169428
322.500000 4.521221
316.100006 4.568399
316.049988 4.591579
317.700012 4.615032
316.049988 4.638485
314.549988 4.661665
316.049988 4.685664
315.950012 4.708571
314.500000 4.732296
312.950012 4.755204
178.300003 4.811382
163.550003 4.836471
161.750000 4.861560
154.350006 4.884195
155.899994 4.907920
143.399994 4.934373
132.800003 4.959189
130.949997 4.984824
130.350006 5.006640
125.000000 5.030366
123.250000 5.057092
122.449997 5.079999
121.900002 5.104815
121.949997 5.127723
120.599998 5.149539
118.699997 5.175992
84.449997 5.277985
130.449997 5.710227
68.949997 5.833218
65.949997 5.859943
64.599998 5.880669
63.750000 5.911212
63.299999 5.931665
63.000000 5.955663
63.099998 5.982116
63.299999 6.004205
63.750000 6.021113
64.800003 6.045657
65.949997 6.074018
68.000000 6.094744
295.299988 6.235189
segment[3]
297.850006 0.020998
298.250000 0.044724
298.000000 0.068450
296.799988 0.091084
286.350006 0.256345
91.150002 0.395153
88.050003 0.421879
87.199997 0.446695
87.250000 0.468239
87.949997 0.493874
89.949997 0.512145
144.949997 0.567777
147.100006 0.589049
172.500000 0.609774
168.199997 0.633227
155.449997 0.659407
158.949997 0.680678
163.050003 0.703040
167.500000 0.729220
171.000000 0.750492
175.100006 0.773399
176.399994 0.797125
181.500000 0.819487
167.350006 0.844848
172.399994 0.867483
291.850006 1.350994
293.049988 1.420807
293.149994 1.445078
289.500000 1.468258
289.299988 1.491438
288.450012 1.515437
285.100006 1.539162
274.100006 1.635155
414.799988 1.959132
394.600006 1.984221
371.450012 2.008219
355.149994 2.032490
337.850006 2.057307
320.950012 2.080760
308.350006 2.105304
294.450012 2.129302
284.700012 2.152482
273.399994 2.177844
264.149994 2.201842
268.350006 2.224204
273.149994 2.248475
278.100006 2.271382
284.899994 2.294835
290.200012 2.317470
288.850006 2.341741
282.500000 2.366012
276.250000 2.389738
269.500000 2.414009
263.950012 2.438279
259.000000 2.460914
253.800003 2.486276
250.500000 2.508638
244.800003 2.534273
241.600006 2.556907
237.949997 2.581178
234.449997 2.605449
230.600006 2.629175
228.250000 2.653173
225.000000 2.676081
221.899994 2.700352
220.050003 2.724350
217.000000 2.748621
215.250000 2.772074
213.399994 2.795799
211.449997 2.815980
210.050003 2.839705
208.600006 2.864522
207.050003 2.887702
205.500000 2.910336
204.550003 2.935153
203.350006 2.958333
202.649994 2.980695
201.899994 3.004421
201.500000 3.029237
200.800003 3.051327
200.199997 3.075052
200.300003 3.099050
200.100006 3.122503
199.850006 3.146229
199.649994 3.168864
200.699997 3.192589
200.399994 3.215497
200.699997 3.238131
201.350006 3.262130
201.850006 3.286673
202.250000 3.309581
203.300003 3.331397
204.050003 3.356486
205.149994 3.378303
206.050003 3.402301
207.500000 3.425481
208.350006 3.448116
210.250000 3.472660
211.699997 3.496113
213.500000 3.518202
215.899994 3.542200
218.000000 3.565380
220.100006 3.589106
222.399994 3.610923
225.300003 3.635194
227.600006 3.658374
231.000000 3.680463
233.699997 3.703098
237.250000 3.726823
240.600006 3.750276
244.600006 3.772911
248.800003 3.796909
252.800003 3.820362
258.000000 3.843270
262.049988 3.866177
267.450012 3.888812
272.100006 3.912537
279.049988 3.935445
285.250000 3.957534
292.899994 3.980442
301.200012 4.004167
307.149994 4.026802
317.549988 4.050800
326.100006 4.074526
337.850006 4.097160
351.049988 4.120613
362.899994 4.142975
375.750000 4.166428
365.250000 4.189608
319.250000 4.542492
316.149994 4.565400
317.600006 4.589671
316.100006 4.612578
314.549988 4.635485
314.450012 4.658938
314.450012 4.682937
314.450012 4.705844
311.450012 4.729297
311.450012 4.752477
309.950012 4.776203
180.850006 4.809200
164.250000 4.833744
162.050003 4.858833
154.500000 4.882286
155.600006 4.905193
144.800003 4.931919
132.949997 4.957281
131.149994 4.982369
130.750000 5.006368
125.099998 5.030366
123.449997 5.055182
122.949997 5.078635
122.000000 5.102361
121.800003 5.124723
121.099998 5.149812
123.750000 5.170811
130.149994 5.711590
68.849998 5.832399
66.000000 5.859125
64.599998 5.885305
63.799999 5.908758
63.299999 5.928938
63.000000 5.958390
63.099998 5.976934
63.349998 5.996842
63.799999 6.027658
64.699997 6.047293
66.000000 6.067746
68.050003 6.094744
295.500000 6.233552
segment[4]
298.049988 0.019908
298.299988 0.044179
298.100006 0.067904
295.600006 0.090812
286.399994 0.255527
90.300003 0.395972
88.050003 0.421061
87.250000 0.444241
87.199997 0.469603
88.099998 0.491419
89.900002 0.511872
145.000000 0.568596
147.100006 0.591230
171.750000 0.610320
168.550003 0.633227
155.399994 0.658589
159.250000 0.683133
163.050003 0.704677
167.850006 0.728130
170.899994 0.750764
175.149994 0.774763
176.399994 0.797943
181.449997 0.819214
167.449997 0.845667
172.399994 0.868574
291.799988 1.350994
294.100006 1.421353
292.850006 1.444260
290.350006 1.467986
289.149994 1.491438
288.549988 1.514346
286.049988 1.538617
273.399994 1.634337
417.450012 1.959405
394.450012 1.985039
371.549988 2.008765
355.100006 2.033036
336.100006 2.056762
320.850006 2.081578
307.049988 2.105576
294.500000 2.128756
284.850006 2.153027
273.399994 2.177844
264.100006 2.201842
268.299988 2.225022
273.200012 2.248475
278.899994 2.271928
284.799988 2.295381
290.350006 2.319106
288.600006 2.342014
282.500000 2.365467
276.100006 2.391374
269.000000 2.414009
263.899994 2.437734
258.950012 2.462005
254.300003 2.486821
250.350006 2.510547
244.699997 2.533727
241.399994 2.558816
237.500000 2.582542
234.500000 2.605177
231.000000 2.629720
227.800003 2.653173
224.250000 2.676626
221.500000 2.700352
220.050003 2.725441
217.000000 2.748348
215.600006 2.772074
213.399994 2.796345
211.449997 2.816525
210.000000 2.839432
208.600006 2.862613
206.800003 2.886611
205.500000 2.910064
204.600006 2.933517
203.399994 2.957242
202.699997 2.981513
201.850006 3.005512
201.750000 3.027874
200.750000 3.051327
200.199997 3.074234
200.300003 3.099050
200.149994 3.120867
199.699997 3.145956
199.600006 3.169409
200.149994 3.192316
200.350006 3.214678
200.500000 3.240040
201.449997 3.262948
201.600006 3.284764
202.199997 3.308490
203.250000 3.333306
204.100006 3.355123
205.199997 3.378576
206.000000 3.402029
207.199997 3.425209
208.399994 3.448662
210.250000 3.472387
212.050003 3.495295
213.449997 3.518202
215.850006 3.541382
218.350006 3.566199
220.500000 3.588015
222.399994 3.612559
225.250000 3.635466
227.600006 3.657556
230.500000 3.681281
233.699997 3.703098
237.250000 3.726005
240.649994 3.750004
245.100006 3.772911
248.750000 3.796909
252.699997 3.818726
257.950012 3.842997
262.049988 3.865904
267.450012 3.887994
272.850006 3.911992
278.250000 3.934354
285.450012 3.957261
292.850006 3.980442
301.200012 4.003894
307.200012 4.027074
317.549988 4.049709
326.049988 4.073980
337.950012 4.096342
349.149994 4.120340
362.950012 4.142975
375.799988 4.165610
365.149994 4.190154
320.850006 4.541401
314.549988 4.564036
316.149994 4.587489
317.600006 4.610942
314.500000 4.634122
314.450012 4.657575
316.000000 4.681573
314.450012 4.704208
314.450012 4.727388
311.450012 4.751659
311.450012 4.774839
309.950012 4.797747
165.149994 4.832108
162.449997 4.855015
154.449997 4.881741
155.600006 4.904102
145.100006 4.929192
133.350006 4.955099
131.399994 4.979370
130.500000 5.004732
125.199997 5.030366
123.199997 5.052183
122.949997 5.076999
122.099998 5.098270
121.500000 5.121723
120.750000 5.147903
120.150002 5.168901
68.849998 5.828309
66.199997 5.856670
64.650002 5.883396
63.950001 5.902213
63.299999 5.927847
63.099998 5.953482
63.099998 5.973935
63.299999 5.998206
63.750000 6.026295
64.599998 6.040475
65.900002 6.062565
67.800003 6.092290
295.450012 6.231916
segment[5]
298.100006 0.019090
298.200012 0.043361
298.149994 0.065723
292.899994 0.089175
286.149994 0.254164
91.250000 0.394335
88.150002 0.418606
87.250000 0.446968
87.199997 0.465239
88.000000 0.493328
89.849998 0.510236
144.850006 0.566959
146.949997 0.590685
172.149994 0.610320
168.350006 0.634045
155.000000 0.659135
159.050003 0.682042
162.600006 0.703040
167.399994 0.726493
170.800003 0.749673
175.000000 0.772581
176.100006 0.796852
180.699997 0.818668
167.350006 0.845121
172.250000 0.868029
291.750000 1.349358
293.049988 1.419989
293.049988 1.443442
290.350006 1.466622
289.000000 1.490620
286.549988 1.513255
286.500000 1.536435
282.500000 1.586613
273.350006 1.633519
414.799988 1.958587
394.549988 1.983948
371.450012 2.007947
354.950012 2.032490
338.000000 2.056216
320.950012 2.081305
308.299988 2.105031
296.600006 2.128484
284.700012 2.152755
273.399994 2.176753
264.799988 2.201024
269.049988 2.224204
273.200012 2.248475
277.950012 2.271382
284.899994 2.294835
290.250000 2.317470
288.700012 2.342014
282.500000 2.365194
275.399994 2.390556
269.100006 2.414009
264.000000 2.438007
259.000000 2.460642
254.500000 2.486003
250.500000 2.509183
244.850006 2.532636
241.550003 2.556635
237.899994 2.581451
234.449997 2.605177
230.600006 2.629448
228.350006 2.652628
224.199997 2.675808
222.000000 2.699806
220.000000 2.723532
217.050003 2.748348
215.649994 2.770437
213.449997 2.794981
211.500000 2.815434
210.000000 2.838614
208.250000 2.863703
207.100006 2.886884
205.800003 2.910609
204.600006 2.933244
203.399994 2.956969
202.649994 2.981786
201.899994 3.004694
201.500000 3.028146
200.850006 3.050508
200.449997 3.073961
200.199997 3.098505
200.050003 3.121412
199.750000 3.145411
199.550003 3.168864
200.350006 3.191498
200.600006 3.215769
200.600006 3.239767
201.149994 3.262675
201.600006 3.284764
202.250000 3.308490
203.250000 3.333306
204.050003 3.355668
205.250000 3.378303
206.000000 3.402574
207.500000 3.426845
208.300003 3.448934
210.399994 3.471842
211.699997 3.496385
213.449997 3.519020
215.899994 3.541928
218.050003 3.565653
220.449997 3.588288
222.399994 3.612286
225.350006 3.636012
227.699997 3.657556
230.949997 3.681281
233.750000 3.704734
237.250000 3.727096
240.600006 3.750549
244.600006 3.773184
249.300003 3.797182
252.800003 3.819817
258.000000 3.843542
262.049988 3.865904
267.450012 3.889084
272.149994 3.911719
279.049988 3.935172
285.399994 3.958080
292.799988 3.982078
301.149994 4.004713
307.149994 4.027893
317.500000 4.051073
327.649994 4.073162
337.850006 4.097433
351.000000 4.119250
362.899994 4.142703
375.799988 4.165610
365.149994 4.189336
319.250000 4.519039
322.500000 4.542492
317.649994 4.565945
316.100006 4.589398
316.100006 4.612032
314.549988 4.635213
312.950012 4.659484
316.049988 4.682391
314.600006 4.705298
311.450012 4.729569
314.450012 4.752204
314.549988 4.775657
180.850006 4.809200
164.600006 4.833744
162.399994 4.858015
154.350006 4.883649
156.199997 4.905739
145.100006 4.932464
132.899994 4.956462
131.250000 4.982097
130.800003 5.004459
124.949997 5.029275
123.449997 5.055182
122.800003 5.075635
121.949997 5.099089
121.400002 5.126359
120.699997 5.149267
120.550003 5.170538
84.449997 5.276349
68.800003 5.831309
66.099998 5.852580
64.650002 5.881214
63.849998 5.903304
63.299999 5.929211
63.099998 5.952118
63.099998 5.972026
63.299999 6.003387
63.799999 6.023840
64.650002 6.042657
66.000000 6.064474
67.949997 6.089290
295.450012 6.233552
segment[6]
298.049988 0.020998
298.250000 0.044451
298.049988 0.067904
295.549988 0.090812
286.399994 0.254982
90.300003 0.395972
87.949997 0.424060
87.250000 0.443423
87.250000 0.469330
87.949997 0.492237
89.949997 0.515963
144.949997 0.569141
146.899994 0.591776
172.500000 0.611138
166.350006 0.634863
155.399994 0.659953
158.949997 0.683678
162.850006 0.704677
167.399994 0.729766
170.949997 0.751582
175.199997 0.773126
176.149994 0.797670
181.500000 0.819487
167.350006 0.843758
172.399994 0.868574
291.799988 1.351812
293.049988 1.421898
293.250000 1.444533
289.500000 1.468258
289.250000 1.491984
288.450012 1.514891
285.149994 1.538344
273.350006 1.635155
417.450012 1.960223
394.450012 1.985039
369.399994 2.008765
355.100006 2.032490
337.899994 2.057307
320.899994 2.081578
308.299988 2.105031
295.600006 2.128756
285.049988 2.153845
273.299988 2.178116
264.899994 2.200751
268.299988 2.224477
273.250000 2.247930
278.899994 2.270837
284.750000 2.295653
290.200012 2.318561
288.600006 2.341196
281.649994 2.366285
276.200012 2.390556
269.049988 2.414554
263.950012 2.438007
259.500000 2.461460
254.350006 2.485458
250.449997 2.508911
244.850006 2.533454
241.600006 2.556907
238.000000 2.580633
234.600006 2.604086
230.550003 2.628357
228.300003 2.653173
224.649994 2.676899
221.750000 2.699533
219.600006 2.723532
217.350006 2.747257
215.649994 2.771528
213.699997 2.795254
211.550003 2.815434
210.000000 2.838614
208.600006 2.862613
207.500000 2.885793
205.750000 2.910882
204.600006 2.934062
203.399994 2.956969
202.699997 2.981241
201.899994 3.003603
201.449997 3.028692
200.750000 3.052145
200.250000 3.075597
200.399994 3.097687
200.149994 3.121140
199.750000 3.144320
199.649994 3.168045
200.449997 3.191771
200.399994 3.214406
200.649994 3.238404
201.300003 3.262948
201.600006 3.284764
202.300003 3.309308
203.500000 3.332488
203.800003 3.355396
205.100006 3.378848
206.000000 3.402029
207.500000 3.425209
208.350006 3.449207
210.149994 3.472114
212.000000 3.494476
213.550003 3.518747
215.899994 3.541382
217.949997 3.564835
220.100006 3.587742
222.399994 3.610923
225.199997 3.634921
227.100006 3.656192
229.949997 3.679372
233.649994 3.702007
236.350006 3.726278
240.449997 3.748367
244.449997 3.771547
248.600006 3.795546
252.550003 3.818726
257.350006 3.841361
262.000000 3.863450
267.299988 3.886630
272.049988 3.909538
278.950012 3.932990
285.299988 3.956443
292.700012 3.979623
301.000000 4.001713
308.250000 4.025438
317.450012 4.048073
326.149994 4.072344
336.200012 4.095252
347.450012 4.118977
362.750000 4.141612
375.600006 4.164519
365.049988 4.187699
319.250000 4.516585
322.450012 4.539219
316.100006 4.562945
317.600006 4.586398
316.049988 4.609578
316.000000 4.633576
314.450012 4.656484
314.500000 4.679937
314.500000 4.702844
314.399994 4.726842
312.950012 4.796383
166.300003 4.831835
162.600006 4.853106
154.550003 4.880377
155.250000 4.901648
145.149994 4.929464
134.350006 4.953463
131.600006 4.977461
130.350006 5.002550
125.400002 5.026821
123.300003 5.050001
123.250000 5.075090
122.050003 5.097998
121.599998 5.121996
121.000000 5.143813
120.800003 5.166447
127.400002 5.729861
66.550003 5.853125
64.900002 5.880941
63.950001 5.904121
63.299999 5.927302
63.099998 5.948028
63.049999 5.973117
63.250000 6.000115
63.700001 6.019477
64.500000 6.038021
65.550003 6.062292
67.449997 6.081655
295.500000 6.229462
segment[7]
298.049988 0.016362
298.100006 0.038997
286.000000 0.250618
88.400002 0.413698
87.550003 0.439878
87.250000 0.461421
87.750000 0.484056
89.199997 0.510236
144.149994 0.561778
146.550003 0.585776
172.300003 0.604320
169.500000 0.627500
154.300003 0.654226
161.399994 0.676861
162.250000 0.699768
166.800003 0.722130
170.300003 0.745856
173.899994 0.768490
174.649994 0.793034
179.600006 0.815123
166.449997 0.840212
171.350006 0.861484
95.849998 0.972748
292.799988 1.345267
293.899994 1.415898
292.950012 1.438806
289.450012 1.463077
289.100006 1.486530
285.049988 1.559070
282.600006 1.582523
273.399994 1.629156
399.450012 1.978494
378.000000 2.002765
360.899994 2.026491
341.500000 2.050762
325.950012 2.074760
310.100006 2.098758
298.350006 2.123302
287.450012 2.146755
276.700012 2.170208
267.000000 2.195024
267.250000 2.218477
271.700012 2.242203
276.750000 2.265656
283.200012 2.288290
288.850006 2.311198
290.450012 2.335196
283.600006 2.359194
276.799988 2.382647
270.700012 2.407736
265.649994 2.432007
259.950012 2.456006
255.449997 2.478640
250.350006 2.502366
246.850006 2.526364
242.399994 2.550090
239.000000 2.574906
235.500000 2.598086
231.600006 2.622630
229.050003 2.645265
226.050003 2.670081
223.100006 2.692716
220.850006 2.717259
218.300003 2.740440
216.199997 2.765256
214.100006 2.787618
211.649994 2.812162
210.800003 2.832069
208.649994 2.856068
207.449997 2.879793
205.699997 2.903246
205.199997 2.925881
203.699997 2.950425
202.600006 2.973332
202.050003 2.996512
201.550003 3.020510
201.000000 3.044781
200.649994 3.067689
199.850006 3.091687
199.550003 3.113776
199.699997 3.138593
199.949997 3.161500
199.500000 3.185771
200.149994 3.208406
200.649994 3.230223
200.800003 3.255039
201.149994 3.276583
201.850006 3.300581
202.850006 3.324852
204.000000 3.347214
204.649994 3.370394
205.600006 3.394665
207.600006 3.417573
208.100006 3.440207
209.699997 3.463388
211.600006 3.487386
213.500000 3.511111
214.949997 3.532928
217.250000 3.555836
219.250000 3.580652
221.449997 3.603559
224.050003 3.627285
227.050003 3.649647
229.850006 3.672009
232.350006 3.694644
235.699997 3.717551
239.050003 3.742095
243.300003 3.764730
246.949997 3.787637
250.800003 3.810545
255.800003 3.834270
260.850006 3.856905
265.950012 3.880630
271.600006 3.902720
276.500000 3.926173
283.750000 3.948262
289.899994 3.971987
298.049988 3.995440
304.000000 4.017803
311.750000 4.040710
322.450012 4.064708
334.200012 4.088161
345.350006 4.111069
357.000000 4.133430
369.299988 4.156610
319.250000 4.532675
317.700012 4.556128
316.149994 4.579580
317.649994 4.603033
316.049988 4.626214
314.500000 4.648848
315.950012 4.673119
313.049988 4.696299
314.450012 4.719752
311.450012 4.742932
311.450012 4.765840
309.950012 4.789292
168.949997 4.824199
163.199997 4.847925
159.800003 4.872196
154.550003 4.895103
145.149994 4.921283
137.699997 4.943918
132.300003 4.969553
130.350006 4.992187
126.900002 5.017549
123.849998 5.040456
123.349998 5.064455
122.250000 5.088180
121.750000 5.111906
120.949997 5.136449
121.949997 5.160720
129.899994 5.720316
67.099998 5.841399
65.300003 5.870579
64.199997 5.897304
63.349998 5.921848
63.200001 5.937937
63.049999 5.969026
63.099998 5.990297
63.549999 6.013205
64.099998 6.037748
65.250000 6.052474
66.750000 6.081927
68.900002 6.102925
294.200012 6.245006
segment[8]
298.200012 0.055632
296.899994 0.078540
153.949997 0.158989
286.250000 0.242437
88.900002 0.406334
87.750000 0.432787
87.050003 0.454058
87.449997 0.479420
88.650002 0.501509
91.849998 0.525508
143.750000 0.555233
145.800003 0.577049
174.699997 0.597230
170.449997 0.620955
153.800003 0.647681
156.649994 0.669497
161.250000 0.691859
164.649994 0.714221
169.199997 0.738765
172.899994 0.760036
173.399994 0.784853
177.949997 0.806397
166.000000 0.833122
169.550003 0.855211
292.850006 1.338449
293.049988 1.407990
293.000000 1.431988
290.200012 1.501801
286.399994 1.526072
285.899994 1.550616
283.549988 1.574342
273.299988 1.645246
455.799988 1.921226
431.399994 1.945224
404.399994 1.971949
382.700012 1.995129
365.049988 2.019401
345.500000 2.043671
329.450012 2.067942
314.649994 2.092486
302.500000 2.115394
290.500000 2.139392
279.250000 2.163936
269.549988 2.188752
265.950012 2.212750
270.850006 2.235385
275.549988 2.258292
281.549988 2.281745
286.600006 2.304925
290.600006 2.329469
285.149994 2.352649
277.950012 2.377193
272.100006 2.401464
267.049988 2.424099
261.899994 2.448370
256.950012 2.473186
251.300003 2.496912
247.000000 2.520910
243.399994 2.544636
239.750000 2.568088
235.800003 2.592087
232.899994 2.616085
229.500000 2.638720
226.250000 2.664082
223.949997 2.687262
221.100006 2.711260
218.949997 2.735258
216.250000 2.758984
214.899994 2.781346
212.649994 2.805889
210.899994 2.827161
209.250000 2.849250
207.649994 2.873794
206.600006 2.896156
205.250000 2.920154
204.100006 2.944698
203.050003 2.967605
202.250000 2.991058
201.850006 3.015602
201.000000 3.038236
200.750000 3.061962
200.800003 3.084869
200.199997 3.108322
200.149994 3.132048
199.800003 3.156319
199.399994 3.179226
200.149994 3.201588
200.699997 3.225587
200.750000 3.248221
201.149994 3.271947
201.750000 3.294036
202.300003 3.317489
203.100006 3.342033
204.500000 3.364395
205.199997 3.388393
207.199997 3.411846
208.149994 3.433935
209.000000 3.459024
211.399994 3.481386
212.699997 3.505385
215.350006 3.527201
216.300003 3.551745
219.199997 3.574925
220.949997 3.597014
223.350006 3.621013
226.100006 3.643375
229.199997 3.666555
232.000000 3.689190
235.399994 3.713188
238.800003 3.736368
242.399994 3.758730
246.899994 3.783001
250.550003 3.805090
255.350006 3.828816
259.850006 3.850905
264.149994 3.874085
270.600006 3.897266
276.299988 3.920446
282.500000 3.943899
289.000000 3.967352
296.450012 3.989441
302.500000 4.013166
311.350006 4.036346
320.799988 4.059527
329.399994 4.083252
341.399994 4.106432
355.100006 4.128522
367.000000 4.151702
319.250000 4.574126
314.549988 4.597579
315.950012 4.621305
314.399994 4.644485
315.950012 4.667938
314.500000 4.691118
316.049988 4.714843
316.049988 4.737478
309.950012 4.760931
311.450012 4.783838
177.250000 4.816018
163.449997 4.842198
162.350006 4.865105
154.449997 4.889922
146.449997 4.916920
139.250000 4.940372
132.300003 4.965189
130.850006 4.988914
127.500000 5.014277
124.099998 5.039638
123.300003 5.061182
122.150002 5.086544
121.750000 5.107543
120.949997 5.131814
120.800003 5.154721
123.250000 5.178174
83.900002 5.287257
126.900002 5.670138
128.050003 5.718680
67.250000 5.844398
65.500000 5.861852
64.300003 5.889941
63.500000 5.916121
63.250000 5.941483
63.000000 5.960027
63.099998 5.986752
63.500000 6.006387
63.950001 6.029840
65.000000 6.057656
66.400002 6.075109
68.800003 6.093926
293.299988 6.240643
segment[9]
298.200012 0.027271
298.149994 0.051269
296.899994 0.074722
296.649994 0.097902
285.299988 0.238892
89.250000 0.402244
87.800003 0.430878
86.849998 0.455422
87.550003 0.473148
88.349998 0.496328
91.000000 0.521963
145.050003 0.551960
145.449997 0.574322
172.000000 0.617410
153.800003 0.643045
155.899994 0.665952
160.800003 0.688314
164.149994 0.711222
168.350006 0.735220
172.750000 0.757855
172.899994 0.780489
177.750000 0.803397
168.949997 0.829577
168.949997 0.851666
173.850006 0.873483
292.950012 1.357266
295.399994 1.404172
291.399994 1.474803
289.049988 1.497438
287.500000 1.520618
285.149994 1.544071
283.750000 1.569978
273.350006 1.641155
431.399994 1.942497
409.549988 1.967586
392.049988 1.991584
365.200012 2.016128
351.000000 2.039581
334.299988 2.064125
317.600006 2.088123
302.750000 2.113212
291.750000 2.136665
282.200012 2.160390
271.399994 2.184389
265.100006 2.209205
270.250000 2.231567
276.350006 2.254747
280.250000 2.279291
286.399994 2.302744
292.149994 2.325378
286.200012 2.349922
279.299988 2.372557
272.250000 2.398191
267.100006 2.422190
262.799988 2.444824
257.799988 2.469641
251.949997 2.492821
248.050003 2.516819
244.649994 2.540545
240.550003 2.564270
236.550003 2.589632
233.199997 2.612267
230.050003 2.635720
226.949997 2.660809
223.949997 2.684262
221.000000 2.707987
219.050003 2.732258
216.750000 2.755439
214.850006 2.779437
212.949997 2.803981
211.000000 2.823616
209.449997 2.846523
208.149994 2.870794
207.100006 2.894520
205.149994 2.917700
204.300003 2.941698
202.899994 2.965696
202.250000 2.987240
201.649994 3.012329
200.800003 3.034146
200.850006 3.058690
200.649994 3.081324
200.300003 3.105050
199.699997 3.129866
199.949997 3.153319
199.449997 3.174863
200.250000 3.199952
200.300003 3.221769
200.750000 3.247131
201.149994 3.269220
201.300003 3.293491
202.449997 3.315853
203.100006 3.339578
204.600006 3.362759
205.250000 3.387030
207.449997 3.410210
208.050003 3.433935
209.399994 3.456297
211.250000 3.479205
212.699997 3.502930
214.949997 3.525838
216.250000 3.550381
218.649994 3.573289
220.949997 3.596742
223.750000 3.618831
225.399994 3.642011
228.649994 3.664373
232.000000 3.687281
234.699997 3.710734
238.699997 3.734459
242.350006 3.757639
245.750000 3.779729
250.399994 3.804000
254.550003 3.827452
259.549988 3.850360
264.149994 3.872722
269.500000 3.895357
276.200012 3.918810
282.399994 3.942808
288.850006 3.964897
295.350006 3.988350
302.600006 4.011258
310.049988 4.033892
320.600006 4.057890
329.350006 4.080798
341.399994 4.103978
354.899994 4.127158
365.149994 4.149520
373.649994 4.172973
319.250000 4.525857
316.100006 4.548764
319.200012 4.571945
317.600006 4.595670
316.049988 4.618850
315.899994 4.642576
314.500000 4.666028
313.000000 4.688936
314.549988 4.712934
314.500000 4.736387
319.250000 4.759567
177.500000 4.815745
163.399994 4.839744
162.050003 4.863742
154.399994 4.888831
154.199997 4.913102
139.500000 4.939555
132.300003 4.963280
130.850006 4.988642
127.949997 5.011004
124.349998 5.037457
123.250000 5.061455
122.449997 5.082999
121.800003 5.106724
121.300003 5.129359
121.250000 5.154721
122.500000 5.177901
83.800003 5.285348
130.149994 5.715953
67.400002 5.841944
65.550003 5.862670
64.300003 5.892668
63.599998 5.915303
63.250000 5.939847
63.000000 5.962208
63.099998 5.987298
63.400002 6.005023
63.950001 6.033930
64.949997 6.053293
66.400002 6.070200
68.599998 6.098835
295.399994 6.240098
